NAME	= contributing_area
DESCRIPTION	= 
UNIT	= 
DATAFORMAT	= FLOAT
DATAFILE_OFFSET	= 0
BYTEORDER_BIG	= FALSE
TOPTOBOTTOM	= FALSE
POSITION_XMIN	= 2.6695570209928050
POSITION_YMIN	= 5.8472498667733817
CELLCOUNT_X	= 1680
CELLCOUNT_Y	= 1668
CELLSIZE	= 0.0019997335467626
Z_FACTOR	= 1.000000
Z_OFFSET	= 0.000000
NODATA_VALUE	= -99999.000000;-99999.000000
